"X__1" "Nº Def" "Tasa" "Nº Def__1" "Tasa__1" "Nº Def__2" "Tasa__2"
"1" 2007 467 6.72550007075336 436 9.85281083254783 31 1.23084819237866
"2" 2008 510 7.08208011663306 486 10.7338482868828 24 0.897685878017206
"3" 2009 442 6.05277927670794 413 9.07151024299988 29 1.05465453139138
"4" 2010 512 6.58554284705935 470 9.99526902684988 42 1.36701784710462
"5" 2011 470 5.83547923427154 441 9.17076958565159 29 0.893566041626953
"6" 2012 492 6.03665001054578 459 9.49353287460203 33 0.99537138262971
"7" 2013 486 5.86931523087831 450 9.17240105200664 36 1.06687820561003
"8" 2014 434 5.14361034918333 404 8.1381397148582 30 0.863713581328319
"9" 2015 450 5.25885937200005 409 8.11010621933463 41 1.16679535635685
"10" 2016 454 5.22664344912965 423 8.26083012016589 31 0.8693915075382
